StoneMazePathBig,2399,2407,1515,1523
StoneMazePath,2420,2422,1521,1523
StoneMazeLitRoom,2414,2419,1518,1523
StoneMazePath,2411,2413,1521,1523
StoneMazePath,2411,2413,1518,1520
StoneMazePath,2420,2422,1518,1520
StoneMazeLitRoom,2414,2419,1524,1529
StoneMazePath,2420,2422,1524,1526
StoneMazePath,2417,2419,1530,1532
StoneMazePath,2417,2419,1515,1517
StoneMazePath,2420,2422,1527,1529
StoneMazePath,2411,2413,1527,1529
StoneMazePath,2414,2416,1515,1517
StoneMazePath,2402,2404,1524,1526
StoneMazeEndChest,2420,2422,1530,1532
StoneMazePath,2411,2413,1524,1526
StoneMazePath,2420,2422,1515,1517
StoneMazeEndChest,2414,2416,1530,1532
StoneMazePath,2414,2416,1512,1514
StoneMazeEndChest,2405,2407,1524,1526
StoneMazePath,2402,2404,1512,1514
StoneMazeEndChest,2405,2407,1512,1514
StoneMazePath,2408,2410,1527,1529
StoneMazePath,2417,2419,1512,1514
StoneMazePath,2411,2413,1515,1517
StoneMazePath,2399,2401,1512,1514
StoneMazePath,2408,2410,1515,1517
StoneMazePath,2411,2413,1512,1514
StoneMazeEndChest,2408,2410,1524,1526
StoneMazePath,2411,2413,1509,1511
StoneMazePath,2420,2422,1512,1514
StoneMazePath,2414,2416,1509,1511
StoneMazePath,2408,2410,1521,1523
StoneMazePath,2408,2410,1509,1511
StoneMazePath,2408,2410,1518,1520
StoneMazeEndChest,2408,2410,1530,1532
StoneMazeEndChest,2408,2410,1512,1514
StoneMazeEndChest,2420,2422,1509,1511
StoneMazePath,2405,2407,1509,1511
StoneMazePath,2402,2404,1509,1511
StoneMazePath,2399,2401,1509,1511
StoneMazeSmall,2399,2422,1509,1532
BrickHenge,2542,2558,1157,1173
PeacefulCrypt,2428,2452,1100,1116
SmallWoodenCottage1,2446,2452,1223,1234
StonePlantMound2,2534,2546,1261,1274
DinosaurSkull,2399,2410,1066,1085
StonePlantMound1,2408,2414,1250,1256
StoneBoulder,2420,2429,1275,1284
RLCraft_BasicWitch,2323,2323,1201,1201
RLCraft_UndergroundRuin1,2320,2329,1198,1207
DinosaurSkull,2311,2330,1224,1235
StonePlantMound1,2431,2437,1355,1361
ThreeTowers,2276,2307,1350,1382
VillageTriplets,2246,2260,1364,1378
P_VillageFarmhouse,2222,2234,1387,1399
RLCraft_DecentWitch,2458,2458,1386,1386
RLCraft_UndergroundRuin2,2453,2460,1381,1391
P_WitchDungeon,2355,2372,1378,1412
StonePlantMound2,2543,2555,1381,1394
P_VillageLibrary,2264,2283,1387,1403
StonePlantMound2,2237,2249,1272,1285
