StoneLeafMound,2803,2810,2101,2110
StoneLeafMound,2807,2816,2211,2218
StonePlantMound2,2662,2674,2070,2083
StoneLeafMound,2829,2836,2194,2203
StonePlantMound4,2789,2796,2273,2280
ShrineSmallFire,2604,2614,2101,2111
StonePlantMound3,2858,2869,2209,2218
StoneMazePath,2825,2827,2066,2068
StoneMazeLitRoom,2822,2827,2060,2065
StoneMazeLitRoom,2828,2833,2057,2062
StoneMazePath,2828,2830,2054,2056
StoneMazePath,2834,2836,2057,2059
StoneMazePath,2837,2839,2057,2059
StoneMazePath,2825,2827,2057,2059
StoneMazePath,2822,2824,2057,2059
StoneMazePath,2834,2836,2060,2062
StoneMazePath,2837,2839,2060,2062
StoneMazePath,2828,2830,2063,2065
StoneMazePathBig,2825,2833,2045,2053
StoneMazePath,2831,2833,2063,2065
StoneMazePath,2831,2833,2066,2068
StoneMazePath,2837,2839,2063,2065
StoneMazePath,2825,2827,2054,2056
StoneMazePath,2834,2836,2048,2050
StoneMazePath,2834,2836,2063,2065
StoneMazePath,2834,2836,2066,2068
StoneMazePath,2819,2821,2063,2065
StoneMazePath,2816,2818,2063,2065
StoneMazeEndChest,2828,2830,2066,2068
StoneMazePath,2831,2833,2054,2056
StoneMazePath,2819,2821,2066,2068
StoneMazePath,2816,2818,2060,2062
StoneMazeEndChest,2837,2839,2066,2068
StoneMazePath,2819,2821,2060,2062
StoneMazeEndChest,2834,2836,2051,2053
StoneMazePath,2822,2824,2066,2068
StoneMazePath,2834,2836,2054,2056
StoneMazeEndChest,2816,2818,2066,2068
StoneMazePath,2837,2839,2054,2056
StoneMazePath,2837,2839,2051,2053
StoneMazePath,2816,2818,2057,2059
StoneMazePath,2819,2821,2057,2059
StoneMazePath,2819,2821,2054,2056
StoneMazePath,2822,2824,2054,2056
StoneMazePath,2837,2839,2048,2050
StoneMazeEndChest,2816,2818,2054,2056
StoneMazePath,2819,2821,2051,2053
StoneMazePath,2822,2824,2051,2053
StoneMazePath,2819,2821,2048,2050
StoneMazeSmall,2816,2839,2045,2068
StonePlantMound3,2823,2832,2065,2076
StonePlantMound3,2646,2657,2289,2298
StonePlantMound,2871,2876,2069,2074
UndergroundCultChamber,2628,2670,2300,2332
ShrineSmallFire,2591,2601,2292,2302
