RLCraft_DecentCaveSpider,2590,2590,1665,1665
RLCraft_UndergroundRuin2,2585,2595,1663,1670
BigClockworkSite,2588,2633,1612,1647
MesoMazeGrowth,2559,2564,1753,1758
MesoMazePath,2562,2564,1753,1755
MesoMazePath,2559,2561,1753,1755
MesoMazePath,2568,2570,1756,1758
MesoMazePath,2559,2561,1756,1758
MesoMazePath,2562,2564,1759,1761
MesoMazePath,2559,2561,1759,1761
MesoMazePath,2565,2567,1756,1758
MesoMazePath,2568,2570,1759,1761
MesoMazePath,2565,2567,1753,1755
MesoMazePath,2559,2561,1762,1764
MesoMazePath,2562,2564,1762,1764
MesoMazePath,2562,2564,1759,1761
MesoMazePath,2562,2564,1762,1764
MesoMazePath,2565,2567,1759,1761
MesoMazePath,2565,2567,1756,1758
MesoMazePath,2568,2570,1759,1761
MesoMazePath,2568,2570,1756,1758
MesoMazeSpiderTurn,2571,2576,1756,1761
MesoMazePath,2571,2573,1753,1755
MesoMazePath,2568,2570,1753,1755
MesoMazePath,2559,2561,1759,1761
MesoMazePath,2574,2576,1753,1755
MesoMazePath,2577,2579,1753,1755
MesoMazePath,2559,2561,1762,1764
MesoMazePath,2562,2564,1756,1758
MesoMazePath,2577,2579,1756,1758
MesoMazePath,2568,2570,1753,1755
MesoMazePath,2577,2579,1759,1761
MesoMazePath,2577,2579,1762,1764
MesoMazePath,2574,2576,1762,1764
MesoMazePath,2571,2573,1762,1764
MesoMazeCorridorCollapse,2565,2570,1734,1736
MesoMazePath,2562,2564,1734,1736
MesoMazeSpiderTurn,2559,2564,1731,1736
MesoMazePath,2562,2564,1737,1739
MesoMazePath,2559,2561,1728,1730
MesoMazeZombieTable,2571,2576,1731,1736
MesoMazePath,2562,2564,1737,1739
MesoMazePath,2565,2567,1737,1739
MesoMazePath,2562,2564,1728,1730
MesoMazePath,2565,2567,1737,1739
MesoMazePath,2568,2570,1731,1733
MesoMazePath,2565,2567,1731,1733
MesoMazePath,2568,2570,1737,1739
MesoMazePath,2559,2561,1737,1739
MesoMazePath,2571,2573,1737,1739
MesoMazePath,2568,2570,1737,1739
MesoMazePath,2574,2576,1737,1739
MesoMazePath,2559,2561,1734,1736
MesoMazePath,2559,2561,1731,1733
MesoMazePath,2577,2579,1737,1739
MesoMazePath,2562,2564,1731,1733
MesoMazePath,2562,2564,1728,1730
MesoMazeStairCorridor,2565,2570,1728,1730
MesoMazePath,2571,2573,1728,1730
MesoMazePath,2574,2576,1728,1730
MesoMazePath,2577,2579,1734,1736
MesoMazePath,2577,2579,1731,1733
MesoMazePath,2577,2579,1728,1730
SnakeTemple,2554,2584,1723,1769
RLCraft_SmallUndergroundSkeleton,2683,2691,1720,1728
StoneMazePath,2834,2836,2045,2047
StoneMazePath,2837,2839,2045,2047
StoneBoulder,2716,2725,2011,2020
StoneLeafMound,2619,2628,2030,2037
